# unix_time, cycles_done, cur_path, paths_total, pending_total, pending_favs, map_size, unique_crashes, unique_hangs, max_depth, execs_per_sec
1607323171, 0, 0, 1, 1, 1, 2.33%, 0, 0, 1, 83.33
1607323182, 0, 0, 30, 30, 1, 2.68%, 1, 1, 2, 169.57
1607323187, 0, 0, 50, 50, 1, 2.96%, 1, 1, 2, 117.97
1607323192, 0, 0, 112, 112, 1, 3.00%, 1, 1, 2, 306.14
1607323197, 0, 0, 153, 153, 1, 3.01%, 1, 1, 2, 213.88
1607323202, 0, 0, 191, 191, 1, 3.01%, 1, 1, 2, 179.19
1607323207, 0, 0, 210, 210, 1, 3.01%, 1, 1, 2, 142.04
1607323212, 0, 0, 227, 227, 1, 3.01%, 1, 1, 2, 137.15
1607323217, 0, 0, 238, 238, 1, 3.01%, 1, 1, 2, 129.23
1607323222, 0, 0, 251, 251, 1, 3.01%, 1, 1, 2, 130.32
1607323227, 0, 0, 255, 255, 1, 3.01%, 1, 1, 2, 121.76
1607323232, 0, 0, 258, 258, 1, 3.01%, 1, 1, 2, 127.03
1607323237, 0, 0, 261, 261, 1, 3.01%, 1, 1, 2, 127.80
1607323242, 0, 0, 262, 262, 1, 3.01%, 1, 1, 2, 128.91
1607323253, 0, 0, 263, 263, 1, 3.01%, 1, 1, 2, 120.29
1607323263, 0, 0, 264, 264, 1, 3.01%, 1, 1, 2, 114.61
1607323268, 0, 0, 265, 265, 1, 3.01%, 1, 1, 2, 115.95
1607323273, 0, 0, 266, 266, 1, 3.01%, 1, 1, 2, 116.25
1607323278, 0, 0, 267, 267, 1, 3.01%, 1, 1, 2, 114.25
1607323288, 0, 0, 268, 268, 1, 3.01%, 1, 1, 2, 116.52
1607323324, 0, 0, 269, 269, 1, 3.01%, 1, 1, 2, 112.84
1607323339, 0, 0, 270, 270, 1, 3.01%, 1, 1, 2, 115.27
1607323395, 0, 0, 271, 271, 1, 3.01%, 1, 1, 2, 118.06
1607323421, 0, 0, 273, 273, 1, 3.01%, 1, 1, 2, 121.27
1607323446, 0, 0, 274, 274, 1, 3.01%, 1, 1, 2, 116.21
1607323482, 0, 0, 275, 275, 1, 3.01%, 1, 1, 2, 113.61
1607323543, 0, 0, 276, 276, 1, 3.01%, 1, 1, 2, 105.28
